00010111010001100
00011010010011111
00011100010101010
00010010001101110
00001111001011101
00011110010110110
00011110010110110
00010011001110100
00010111010001100
00011010010011111
00010111010001100
00100000011000010
00010111010001100
00011100010101010
00000011000010100
00001011001000100
00000001000001000
00011101010110000
00100001011001000
00100000011000011
00000111000101100
00010111010001100
00100001011001000
00100001011001000
00000011000010100
00001100001001010
00001001000111000
00011010010011110
00000101000100000
00001100001001010
00001111001011100
00001100001001010
00001101001010000
00100001011001000
00000001000001000
00011110010110110
00000101000100000
00011100010101010
00001010000111110
00011011010100101
00000111000101100
00010000001100010
00001010000111110
00011011010100100
00001010000111110
00011001010011000
00011100010101010
00001011001000100
00011011010100100
00010010001101110
00011100010101010
00001011001000100
00100001011001000
00000001000001000
00011010010011110
00011101010110000
00000001000001000
00010011001110100
00001000000110010
00010010001101111
