00101101010101100
00101111010110000
00010110001111111
00001100001101110
00100011010011001
00010001001110100
00000011001011100
00010001001110110
00110000010110110
00011000010000101
00100010010010110
00101001010100110
00010110010000010
00011100010001010
00000100001011100
00100010010011000
00011011010001010
00010001001110110
00100111010100100
00001110001110011
00000111001100000
00010111010000010
00001100001101010
00100010010011000
00011010010001010
00011110010010000
00100111010100100
00010000001110110
00100010010011000
00000001001011000
00000110001100010
00010001001110110
00101000010100010
00011111010010100
00100000010010010
00100011010011000
00100011010011010
00011100010001010
00101110010110000
00000100001011011
00100000010010110
00010000001110110
00001111001110000
00011010010001000
00110001010110100
00011110010010000
00011111010010010
00001110001101110
00100101010011100
00101001010100110
00101010010101010
00010110001111110
00101000010100100
00011010010001000
00010000001110110
00010001001111000
00010001001111000
00101001010100100
00010101010000000
00010101001111101
