00011010010000011
00010110001101110
00011000001110111
00001000000110111
00100110010110000
00011101010001100
00001111001010110
00000101000101010
00100101010101100
00011110010001111
00100100010101000
00100100010101010
00000101000101100
00000101000101110
00011010010000000
00100011010100010
00011111010010010
00100001010011110
00010111001110010
00010110001110000
00010001001011110
00000111000110010
00100110010110010
00000011000100100
00100101010101010
00100000010010110
00101010011000010
00010111001110100
00010100001101000
00011111010010010
00001000000111000
00001011001000010
00000011000100010
00011010010000010
00100111010110010
00000100000101010
00011001001111100
00010000001010110
00100110010101110
00000101000101011
00011100010001000
00001001000111100
00010001001011010
00101001010111100
00100001010011100
00000001000011100
00010000001010110
00011000001111000
00101001010111100
00000010000100010
00001110001010010
00100011010100100
00010100001100110
00001100001000110
00001101001001110
00001011001000100
00010111001110100
00011110010010000
00001110001010000
00101000010111011
